-0.046792 0.874587 -0.155977
0.867199 -0.981506 -0.079953
0.504983 -0.987524 -0.126931
0.968603 -0.166066 -0.092592
0.947038 -0.264506 -0.141859
-0.413625 -0.367416 -0.273998
0.461358 -0.600654 -0.359134
0.728115 0.181145 -0.157698
0.939822 0.974170 0.883562
-0.629636 0.911564 -0.168515
-0.906923 -0.944273 0.771559
0.887729 0.924793 0.734125
-0.705505 -0.115168 -0.202474
-0.011815 0.720562 -0.228095
0.255834 0.549133 -0.263833
-0.029806 0.296827 -0.467757
0.470819 0.475763 -0.154255
-0.996524 -0.800184 0.704270
-0.272679 -0.877605 0.065781
-0.234021 -0.220866 -0.434172
0.840467 0.134144 -0.081147
0.412703 0.774397 0.050401
-0.115741 -0.996076 0.069235
-0.429328 0.628317 -0.338172
0.803682 -0.296981 -0.256908
-0.412017 0.849010 -0.220483
-0.297853 0.304490 -0.462178
-0.439382 -0.804162 0.091184
0.002473 0.846464 -0.136134
0.237282 -0.582347 -0.356279
0.364859 0.536722 -0.193771
-0.358479 0.118419 -0.458864
0.363906 -0.679294 -0.314568
0.928202 -0.097496 -0.122364
0.959329 -0.620852 -0.126534
-0.032453 -0.668293 -0.275163
-0.979638 -0.524250 0.380462
-0.193625 -0.137739 -0.449167
0.773010 0.271355 -0.051681
-0.131117 0.975995 -0.076835
0.228449 -0.354674 -0.451026
0.382622 -0.008600 -0.444940
0.762335 0.793023 0.399486
-0.265299 0.124678 -0.466328
-0.468453 0.253274 -0.410892
0.984694 0.665177 0.523160
-0.267180 -0.809239 -0.025297
0.933364 -0.220830 -0.140570
-0.413238 -0.367329 -0.253745
-0.020153 0.913503 -0.095942
0.973245 -0.407747 -0.146886
-0.297063 0.023613 -0.468340
-0.983625 -0.650327 0.505068
0.872118 -0.941130 -0.083481
-0.798047 -0.158706 -0.112682
0.462900 -0.462244 -0.382266
-0.388069 -0.389054 -0.279803
0.745204 -0.547805 -0.261064
0.124804 0.999862 0.074221
0.456931 -0.327299 -0.414237
0.530918 0.907831 0.282504
-0.252924 0.416022 -0.430797
-0.848391 0.790594 -0.162508
-0.807487 -0.254150 -0.032755
0.085012 -0.472845 -0.409803
0.298539 0.108857 -0.447800
0.434370 -0.291721 -0.423716
0.092028 0.624371 -0.270718
0.621393 0.428480 -0.079572
0.083872 0.346522 -0.411856
-0.826239 -0.057366 -0.142716
0.720287 0.214730 -0.164023
0.883366 -0.475643 -0.202047
-0.807396 0.253227 -0.240162
-0.818148 0.564271 -0.241715
-0.486515 0.077504 -0.395795
0.622754 0.576071 0.028737
-0.008050 0.951693 -0.072000
-0.004734 -0.442417 -0.418004
-0.395138 0.487285 -0.399058
-0.125786 -0.162423 -0.454856
-0.959027 -0.389444 0.218548
0.720766 0.607009 0.170877
0.493022 -0.953743 -0.164703
-0.946019 -0.377070 0.196371
-0.051093 0.819483 -0.175888
-0.230740 -0.422950 -0.333808
0.142306 0.829389 -0.092335
0.477277 0.713333 0.029894
-0.635605 -0.748671 0.219255
0.088142 0.394742 -0.388987
0.909976 -0.256931 -0.185572
-0.306886 0.031709 -0.448680
0.369876 0.132048 -0.395621
0.446061 -0.239370 -0.434944
0.724395 -0.634049 -0.266452
-0.368191 0.547355 -0.385225
-0.328655 0.336309 -0.454183
-0.424405 -0.625791 -0.086733
-0.398535 0.773987 -0.287851
-0.078234 -0.549170 -0.345380
-0.357123 -0.994458 0.237326
0.511617 -0.548645 -0.348522
0.195842 -0.949781 -0.106451
0.668997 -0.625110 -0.301052
-0.990463 -0.397624 0.287951
0.840974 -0.474772 -0.218049
0.006958 -0.185540 -0.469174
-0.411501 0.854707 -0.233784
0.577990 0.523827 -0.050006
0.052214 0.649723 -0.289988
-0.083143 -0.069621 -0.489314
-0.012452 -0.526180 -0.362150
0.847304 -0.482499 -0.227429
-0.603681 -0.512496 -0.040111
0.634704 0.537091 0.022834
-0.145786 -0.972436 0.057759
0.951470 -0.734938 -0.138362
0.702845 0.563446 0.103280
0.876152 0.546797 0.275700
-0.337257 -0.536172 -0.188891
-0.244618 -0.593826 -0.220178
0.439149 0.653037 -0.056359
0.292878 -0.627815 -0.355135
-0.925231 0.160803 -0.133747
-0.074654 -0.600592 -0.295776
-0.263832 0.082933 -0.491112
0.265834 -0.046712 -0.473100
0.942786 -0.907547 -0.078501
0.316416 0.819116 0.012520
-0.526872 -0.572586 -0.025227
0.524466 -0.027252 -0.377566
0.984355 0.178247 0.102472
0.846884 -0.975579 -0.067012
-0.690921 0.368838 -0.313877
-0.167067 0.671929 -0.316397
-0.142204 0.425993 -0.422899
0.132320 -0.760193 -0.257093
0.435902 0.412744 -0.235323
-0.768564 0.123823 -0.252050
-0.328700 -0.082300 -0.426326
-0.154483 -0.790451 -0.116703
-0.683954 -0.826383 0.355559
-0.615106 0.704889 -0.264977
-0.950955 -0.136765 0.019491
0.601873 -0.799484 -0.232528
-0.544573 0.454879 -0.377339
0.295105 0.126048 -0.445836
-0.656718 0.589062 -0.318547
-0.717172 -0.730404 0.280910
0.590070 -0.261553 -0.362575
-0.374766 -0.442656 -0.242439
-0.350056 -0.318825 -0.334509
0.392735 -0.519476 -0.383776
-0.349347 0.552423 -0.382124
0.826301 0.225672 -0.042528
-0.789764 0.083169 -0.208973
0.255558 -0.371895 -0.433834
0.656001 0.564158 0.069510
0.150613 -0.709969 -0.293164
0.394763 0.790697 0.052266
-0.499798 0.917372 -0.204858
0.542605 -0.399357 -0.379443
0.233642 -0.384304 -0.440146
-0.801064 0.648297 -0.227147
0.331614 0.228001 -0.383442
-0.715654 -0.245246 -0.113043
0.753272 -0.673391 -0.244119
-0.904194 -0.617697 0.377422
-0.499640 0.567285 -0.358402
0.296283 -0.965315 -0.122854
-0.965421 0.133793 -0.092539
0.266585 -0.749156 -0.292049
0.220924 -0.519296 -0.399212
-0.326557 -0.182337 -0.383208
-0.767610 0.926187 -0.134958
0.947529 -0.109997 -0.091000
-0.485067 0.917189 -0.186967
0.636115 0.448457 -0.057254
-0.076376 -0.178843 -0.479870
0.558699 0.039227 -0.344363
0.321164 0.132386 -0.419503
0.424371 -0.811790 -0.245519
-0.244758 -0.665822 -0.151143
-0.515912 -0.598351 -0.029138
0.006645 -0.962014 -0.048607
0.927935 0.037928 -0.043697
-0.894857 0.364108 -0.191700
-0.462224 -0.786465 0.111834
0.660607 -0.604185 -0.277948
-0.790491 -0.886187 0.567510
0.457115 0.310542 -0.280255
-0.983602 -0.557039 0.411242
0.409364 -0.695718 -0.305020
0.153502 -0.573687 -0.372768
-0.101531 0.734846 -0.263556
-0.394807 0.371945 -0.419972
-0.123438 -0.807689 -0.105645
-0.278730 0.682560 -0.321107
0.946092 0.690163 0.483262
-0.675543 -0.308981 -0.116327
0.662376 0.107792 -0.242240
0.552372 0.555567 -0.049435
-0.857824 -0.315187 0.053031
-0.041957 0.890449 -0.110145
0.796458 -0.153936 -0.243580
-0.808668 -0.190915 -0.061711
0.071807 0.808794 -0.131522
-0.410241 -0.382272 -0.255032
0.254366 0.010383 -0.474421
-0.608262 -0.710546 0.151015
-0.021006 0.558782 -0.353358
0.557663 0.951607 0.373613
-0.234564 -0.216021 -0.424444
-0.996361 0.659835 -0.117832
0.293257 0.539844 -0.233907
-0.058754 0.840387 -0.171953
-0.941772 -0.769438 0.604477
-0.247965 -0.829788 -0.038621
-0.824224 0.133745 -0.201636
-0.567756 0.253070 -0.361673
0.858800 0.647764 0.367443
-0.503139 -0.820674 0.160325
0.900385 0.988992 0.850082
-0.251010 -0.078645 -0.432638
-0.709333 0.420362 -0.311585
-0.156333 0.606030 -0.344305
0.154593 -0.914432 -0.117646
-0.330091 0.617192 -0.346619
0.376228 0.265064 -0.328727
0.345009 0.210074 -0.393132
0.282249 0.240842 -0.394820
0.066856 0.515494 -0.343746
-0.261015 -0.049523 -0.452603
-0.197101 -0.581579 -0.246249
-0.356222 -0.889970 0.119545
-0.348945 -0.218834 -0.390118
-0.813232 -0.559090 0.224961
-0.500917 -0.545060 -0.085693
-0.299557 -0.710248 -0.108313
0.463003 -0.314690 -0.408561
-0.755270 0.187200 -0.262425
-0.640704 -0.883887 0.384404
-0.673416 -0.160010 -0.209446
0.387018 0.283002 -0.313956
-0.989588 0.586581 -0.122844
-0.328624 0.359431 -0.448366
-0.934654 -0.212424 0.043194
-0.960779 0.632691 -0.149914
-0.626066 0.349096 -0.376062
-0.445868 -0.729298 0.025316
0.860591 0.190049 -0.028566
0.781262 -0.386801 -0.283180
0.659671 0.883365 0.393660
-0.209632 0.808262 -0.220569
-0.329829 -0.350800 -0.325151
0.991465 0.904821 0.864755
-0.542763 0.674404 -0.310164
-0.315084 0.958487 -0.143782
0.699635 0.809839 0.333967
0.147347 -0.411697 -0.427435
-0.604950 0.055744 -0.321320
0.343031 0.483577 -0.244724
-0.659234 0.071776 -0.306891
-0.127780 -0.583552 -0.276156
0.105925 -0.448173 -0.425060
0.070109 -0.599781 -0.346522
0.799885 -0.323794 -0.253999
0.220669 -0.756134 -0.279273
0.260034 -0.455919 -0.415427
0.913063 -0.211691 -0.166598
0.214813 -0.568373 -0.361356
0.722952 0.608666 0.173150
-0.508729 0.822097 -0.241129
-0.919690 0.505146 -0.190524
-0.084262 0.670919 -0.310228
-0.069028 -0.868836 -0.099165
-0.546909 0.988750 -0.146332
-0.331645 -0.679390 -0.088158
0.611662 -0.909860 -0.173855
-0.867182 -0.404962 0.144294
-0.905198 0.991425 -0.030174
0.382258 0.039173 -0.405619
0.610333 0.324974 -0.157276
-0.653470 -0.560732 0.049822
0.735389 -0.326077 -0.288842
-0.104719 -0.217729 -0.457302
-0.895940 0.409147 -0.200837
0.080148 0.352280 -0.425772
-0.443537 -0.186172 -0.332228
-0.614700 -0.160635 -0.234024
0.306983 0.889378 0.076377
0.326914 0.050319 -0.441442
-0.167266 -0.788901 -0.101869
-0.045851 -0.689784 -0.251586
0.164374 0.460494 -0.336580
0.892991 -0.406294 -0.182785
-0.206189 -0.634096 -0.216511
0.755881 0.648154 0.240939
0.549920 -0.885420 -0.180368
0.113439 -0.529973 -0.386922
-0.760630 0.563226 -0.264902
-0.576837 0.001623 -0.343514
0.052193 -0.573436 -0.356216
-0.015478 -0.894360 -0.106807
-0.999855 0.760644 -0.061870
-0.168823 0.814840 -0.216832
-0.007385 -0.137783 -0.490431
-0.408176 -0.836622 0.093446
-0.380611 0.216941 -0.463568
0.525573 0.081651 -0.334679
0.516512 -0.684497 -0.310567
0.166480 0.765206 -0.124656
-0.564080 -0.544662 -0.032039
0.496865 0.624114 -0.016631
-0.503907 -0.336860 -0.231850
0.263539 -0.203137 -0.465188
0.248022 -0.007140 -0.474178
0.547303 0.691777 0.069839
0.727654 0.223050 -0.132614
0.225168 -0.100706 -0.473227
-0.944772 -0.401640 0.222748
-0.872605 -0.124430 -0.057377
0.698970 0.193604 -0.166093
0.351065 -0.623984 -0.337153
-0.476094 -0.673736 -0.017351
0.685378 -0.439374 -0.331723
0.124653 -0.717743 -0.279518
-0.752022 -0.304833 -0.049145
-0.339294 -0.342294 -0.327941
0.201866 -0.368020 -0.440020
0.537472 -0.818658 -0.270538
-0.350428 0.338386 -0.463942
0.205864 -0.760969 -0.273279
-0.121053 -0.381557 -0.370113
0.263741 -0.740259 -0.288847
0.341132 -0.072335 -0.473951
-0.450220 0.494888 -0.391198
-0.624180 -0.695524 0.159919
-0.969288 0.722601 -0.109746
-0.015269 0.033431 -0.494874
-0.770475 -0.784448 0.404335
-0.332433 0.032461 -0.442825
0.401744 -0.001459 -0.408057
0.663117 -0.245215 -0.336923
-0.943824 -0.147695 0.024772
-0.829995 -0.355891 0.054108
0.970309 0.714709 0.555843
-0.527089 -0.248075 -0.277510
-0.137670 0.527737 -0.410783
-0.933086 -0.922754 0.792410
-0.765764 0.256650 -0.275111
-0.170907 0.697851 -0.304921
-0.431884 -0.021496 -0.402209
0.413571 0.090402 -0.386506
-0.366400 -0.694914 -0.070840
0.081207 -0.715687 -0.257922
0.878609 0.079781 -0.091715
-0.650169 0.441285 -0.334865
-0.792906 0.543290 -0.254441
-0.085422 -0.734676 -0.186600
-0.925578 0.986756 -0.046419
-0.451263 0.904497 -0.182519
0.003673 0.006031 -0.502303
-0.817861 0.901412 -0.128913
0.465792 0.037456 -0.383585
-0.759486 -0.648647 0.252081
-0.135667 -0.275482 -0.425634
0.116276 -0.847312 -0.189580
-0.919308 0.022206 -0.101486
-0.942997 -0.880896 0.738141
-0.247317 -0.876442 0.024689
-0.229061 -0.516499 -0.281392
-0.624459 -0.190640 -0.225920
-0.760192 -0.300721 -0.058786
-0.130253 0.660006 -0.308740
0.865612 -0.383323 -0.219558
-0.414716 0.133037 -0.449077
-0.725171 -0.300576 -0.081353
-0.893567 -0.241864 0.042015
-0.771697 0.123626 -0.240863
0.283187 0.974183 0.153854
-0.609723 -0.585596 0.038139
0.894839 0.729282 0.482052
0.232108 0.682814 -0.145384
-0.580616 0.748058 -0.272080
0.734615 -0.503776 -0.273648
0.016747 0.859549 -0.128792
0.358300 0.321038 -0.317097
0.119529 -0.462337 -0.411208
0.956831 -0.104981 -0.085948
-0.377100 0.457161 -0.419985
0.215410 -0.315517 -0.448948
-0.392417 -0.570987 -0.143770
-0.843027 0.251422 -0.219926
0.011387 -0.530303 -0.350270
-0.889751 -0.962198 0.787685
0.476992 -0.623494 -0.318470
-0.466713 -0.971776 0.318021
-0.698722 0.748891 -0.240415
-0.515878 0.907916 -0.175382
-0.671306 -0.493477 0.013332
0.735420 -0.146783 -0.252721
-0.464342 0.385628 -0.406554
-0.897543 0.781210 -0.143440
0.683123 -0.828406 -0.205555
0.597237 0.922341 0.383126
-0.015861 0.136307 -0.476172
0.359593 -0.466546 -0.407469
0.299323 -0.050265 -0.462530
-0.188916 0.805603 -0.238688
0.595806 0.869215 0.322059
0.673304 -0.916379 -0.167500
0.213059 0.395274 -0.368762
0.329715 -0.456087 -0.426248
-0.148739 -0.921942 -0.000035
-0.811812 0.121024 -0.213526
0.164824 -0.597541 -0.346601
-0.103595 -0.055845 -0.495955
-0.977326 -0.714958 0.594511
0.248600 0.985640 0.122782
0.300783 -0.759567 -0.254180
0.642881 -0.136925 -0.343855
-0.832600 0.199649 -0.214592
-0.543908 -0.166437 -0.295144
-0.363412 0.285708 -0.452919
-0.137931 -0.792036 -0.115440
-0.568649 0.000891 -0.328000
0.578368 -0.980513 -0.137313
0.224855 -0.768236 -0.253903
0.208099 0.673615 -0.180739
-0.543034 -0.008970 -0.360719
0.548106 -0.648845 -0.317900
-0.694878 0.810092 -0.217180
0.389293 0.473147 -0.215593
0.687937 0.078852 -0.237132
-0.023189 0.112515 -0.495448
0.434036 -0.218125 -0.440208
-0.809664 -0.728806 0.399094
0.947806 -0.896565 -0.077359
0.423239 0.887363 0.160360
-0.741481 0.444529 -0.264790
-0.395087 -0.526070 -0.193786
0.705245 0.818707 0.377595
-0.305899 0.265295 -0.480236
-0.648125 0.579519 -0.306761
0.762480 -0.362655 -0.279930
0.305934 0.752835 -0.057186
-0.969250 0.711471 -0.135614
0.144229 -0.171969 -0.495799
0.045232 0.648124 -0.282352
0.444259 0.002530 -0.412493
-0.024695 0.798515 -0.200222
-0.535316 -0.808597 0.200974
0.357276 0.404423 -0.278240
0.136772 -0.474927 -0.397039
-0.408094 0.234086 -0.446985
-0.454083 -0.000758 -0.401045
-0.335851 0.020876 -0.464260
-0.541272 -0.603879 -0.019650
0.467997 -0.228545 -0.420763
-0.534868 0.716841 -0.295941
-0.196599 -0.768260 -0.092270
0.416096 -0.440056 -0.407080
0.130484 0.247386 -0.447398
0.925149 -0.617798 -0.162396
-0.431656 0.864440 -0.219510
0.436586 -0.101338 -0.432540
0.469547 -0.173230 -0.421697
-0.179897 -0.687166 -0.171920
0.044096 -0.474671 -0.383799
0.267187 -0.202788 -0.468263
0.707442 0.542725 0.099681
-0.704134 0.182184 -0.283215
0.427481 0.028882 -0.406457
-0.772105 0.006495 -0.202570
-0.134202 -0.348491 -0.404677
0.165071 -0.350255 -0.462213
-0.528887 0.471803 -0.369141
-0.573258 0.610577 -0.335732
0.958322 -0.117523 -0.089193
0.624785 -0.663265 -0.294750
0.594607 0.924934 0.383812
0.034047 -0.488560 -0.401940
-0.678347 0.833254 -0.210595
-0.350855 -0.005993 -0.418550
-0.133137 -0.129569 -0.475466
0.530517 0.870317 0.250990
0.273549 0.914276 0.073719
-0.619111 0.127875 -0.339306
0.371014 0.429953 -0.255188
0.511695 -0.333700 -0.403538
0.764389 -0.736589 -0.220588
-0.442929 -0.062572 -0.387757
0.183996 -0.409432 -0.433965
0.815651 -0.096306 -0.190690
-0.799325 0.638104 -0.238671
0.930908 -0.307345 -0.154470
0.109287 0.166141 -0.463102
0.603242 -0.696323 -0.283094
0.682508 0.443219 -0.006803
-0.930160 0.133830 -0.119697
-0.943932 -0.007120 -0.050032
0.198826 0.269759 -0.418767
0.853757 -0.405886 -0.229145
0.689132 -0.095558 -0.293014
0.333880 0.615887 -0.170396
0.448082 0.591001 -0.086559
0.272139 0.601561 -0.203401
0.818027 0.808838 0.477830
-0.344224 0.943946 -0.147999
-0.884666 0.232805 -0.194317
-0.009551 -0.539048 -0.343499
0.070296 -0.868091 -0.158666
0.107428 0.708931 -0.195270
-0.718055 -0.349296 -0.036799
0.262247 -0.281397 -0.478869
-0.169994 -0.323098 -0.408442
-0.034660 -0.253608 -0.453278
-0.711503 -0.602374 0.151639
-0.841507 -0.064686 -0.113807
0.690808 -0.818898 -0.199790
0.317451 -0.159554 -0.470098
0.742762 -0.273373 -0.301142
0.388887 -0.201776 -0.450399
0.083897 0.549891 -0.308888
0.935714 -0.730225 -0.144885
0.058194 -0.735463 -0.264603
-0.938993 0.495901 -0.157443
0.966543 0.190807 0.072395
-0.855135 -0.876544 0.620084
-0.370905 -0.238232 -0.372595
-0.992267 0.685366 -0.107569
-0.062840 0.991415 -0.032044
0.768294 0.001553 -0.209769
0.254116 -0.370896 -0.457993
-0.393288 -0.739590 -0.022651
0.090800 -0.836657 -0.178184
-0.106281 -0.356551 -0.385876
0.581067 -0.237109 -0.367915
0.802991 -0.620939 -0.228041
0.861093 0.186573 -0.030060
-0.759517 0.004300 -0.209695
-0.464164 0.498073 -0.386162
0.302619 -0.874527 -0.201194
-0.164908 0.774272 -0.258506
-0.184346 0.487261 -0.421616
-0.773235 0.733833 -0.214399
0.004864 0.895144 -0.096188
0.074642 0.538451 -0.343898
0.944228 0.458694 0.262025
0.154547 -0.266584 -0.476625
-0.914950 -0.134909 -0.003458
-0.175039 0.646125 -0.330904
-0.621495 0.485290 -0.341598
-0.924873 0.772731 -0.147010
0.335885 -0.155112 -0.454907
-0.468985 -0.631198 -0.037518
0.171290 -0.179523 -0.462610
0.486046 0.813549 0.151226
-0.408697 0.299801 -0.423566
-0.154556 -0.914522 0.010128
0.230865 -0.272595 -0.485790
-0.972548 -0.055440 0.000174
-0.816662 0.256339 -0.240044
0.052993 0.000697 -0.503177
0.873758 0.760855 0.512144
0.427868 0.155081 -0.346995
-0.495261 -0.983674 0.340793
-0.760731 -0.359412 -0.010908
-0.606544 0.140008 -0.344461
0.069900 -0.220417 -0.488764
0.601089 0.462314 -0.094698
0.375766 0.005350 -0.430531
-0.913110 -0.143945 -0.018078
-0.001636 -0.104305 -0.513858
-0.991051 0.304858 -0.104486
-0.485214 -0.910682 0.269681
0.006937 0.841095 -0.138049
-0.941119 -0.972517 0.877534
0.175496 0.085972 -0.469020
-0.968587 -0.793862 0.667876
0.672789 -0.094723 -0.296564
-0.751225 -0.688159 0.276120
0.222845 -0.342668 -0.462150
-0.948590 0.272037 -0.129336
-0.935294 -0.779440 0.613142
-0.682464 -0.713444 0.257402
0.523126 -0.813109 -0.253462
-0.702717 -0.105969 -0.224698
-0.719833 0.493872 -0.283301
-0.024508 0.759287 -0.221798
-0.923768 0.710397 -0.135547
-0.692378 0.851269 -0.172536
-0.347918 0.021566 -0.456722
-0.952612 0.458278 -0.168111
-0.572457 0.833233 -0.244315
0.323574 -0.432762 -0.425530
-0.478183 -0.659042 -0.018142
0.603741 -0.123047 -0.366731
-0.446109 0.905639 -0.191410
0.604482 0.172606 -0.237418
0.604897 -0.759747 -0.267927
0.344328 -0.351697 -0.426970
0.375018 0.923314 0.176672
0.560719 0.131118 -0.298087
0.491066 -0.063337 -0.403551
-0.440110 -0.918732 0.216362
0.354406 -0.714817 -0.287100
-0.081304 0.333509 -0.458531
0.782588 0.218727 -0.078574
-0.564551 -0.051889 -0.327391
0.335240 -0.609365 -0.371270
0.464344 0.527648 -0.123584
0.045059 0.717602 -0.208849
-0.550520 0.075475 -0.355739
0.788328 0.408303 0.071115
0.613749 -0.555814 -0.326327
0.145561 -0.351915 -0.453122
0.317833 0.045219 -0.436006
0.250978 0.235340 -0.413506
0.472872 0.597765 -0.073117
-0.876244 0.896754 -0.122840
-0.187110 -0.659806 -0.192911
0.843960 0.567983 0.257611
-0.159292 0.199829 -0.499281
-0.547605 -0.173739 -0.305585
-0.198120 0.508081 -0.383915
-0.136554 0.509743 -0.384805
0.580159 -0.228760 -0.368067
-0.119873 0.041432 -0.509110
-0.992979 -0.609890 0.479142
0.694274 0.521881 0.048031
-0.845697 0.269795 -0.223731
-0.958529 0.068407 -0.073225
-0.677037 0.706905 -0.267507
0.229630 -0.872035 -0.207473
0.282508 0.784396 -0.034270
0.467413 -0.769595 -0.271990
0.330187 0.221405 -0.378940
0.262704 0.590324 -0.202363
-0.391162 -0.289063 -0.314153
-0.596368 -0.085648 -0.276334
-0.180313 -0.831796 -0.053550
-0.514787 -0.760145 0.121660
0.109017 -0.625467 -0.336670
-0.348796 0.634107 -0.361609
0.143698 0.039167 -0.480192
0.888725 -0.125297 -0.155832
0.767282 0.155708 -0.113804
-0.189329 -0.307856 -0.410592
0.806756 0.130491 -0.110621
-0.496573 0.038938 -0.382771
-0.500458 -0.518662 -0.125214
-0.741717 0.378619 -0.301317
0.562087 -0.352776 -0.398816
-0.181407 0.586136 -0.362187
-0.967394 -0.334338 0.187401
-0.384811 0.086903 -0.431467
0.789738 -0.918967 -0.136030
0.685543 0.114256 -0.229920
0.175334 0.913931 0.009908
-0.743434 -0.446713 0.046306
-0.539896 -0.062320 -0.346321
0.159660 0.455726 -0.343212
-0.893922 -0.147741 -0.018601
0.848549 -0.074814 -0.160723
0.635245 -0.776040 -0.247175
-0.420637 0.470794 -0.398854
0.242708 -0.113695 -0.465595
0.337828 0.541937 -0.211547
0.795017 -0.119290 -0.224660
0.285219 -0.237079 -0.444971
0.854100 -0.038633 -0.147968
-0.178954 0.878943 -0.166930
-0.996077 -0.336058 0.222927
0.676411 -0.097103 -0.289291
-0.303227 0.175633 -0.460385
-0.190648 -0.340993 -0.393378
-0.468053 -0.373909 -0.235457
0.848324 0.919346 0.670093
-0.802339 0.470828 -0.249591
0.315525 0.261937 -0.374349
-0.934313 -0.453092 0.250615
0.492206 -0.008386 -0.380091
-0.952223 0.053031 -0.067733
0.695610 0.756841 0.307206
0.797252 0.054665 -0.168176
-0.066065 -0.511311 -0.339423
0.732155 0.599714 0.163134
0.727150 -0.548110 -0.288044
-0.804194 0.396890 -0.258946
0.826302 0.833154 0.519133
0.057263 0.284210 -0.456184
-0.775838 -0.449424 0.074935
0.075502 0.761538 -0.184399
-0.031721 0.185416 -0.472277
-0.888927 0.929308 -0.094383
-0.015146 -0.679459 -0.265580
-0.322058 0.026615 -0.458111
-0.722971 -0.606706 0.177219
0.831794 0.745105 0.419990
-0.755396 -0.442004 0.054092
0.271169 -0.480493 -0.400976
-0.995832 0.402429 -0.109483
-0.613843 -0.350089 -0.141099
-0.432127 -0.695262 0.002565
-0.728630 -0.710173 0.266833
0.934983 0.453702 0.246606
0.880151 0.143080 -0.044857
-0.337982 -0.672146 -0.100834
-0.033287 -0.013203 -0.520278
0.554940 0.056879 -0.319136
-0.610299 0.628381 -0.295773
-0.704168 0.057828 -0.273644
-0.915062 -0.261638 0.085186
0.343746 -0.722583 -0.298311
0.049760 0.077678 -0.503581
0.818710 -0.066741 -0.196861
-0.843298 -0.708125 0.399804
-0.448783 0.597908 -0.351428
-0.489783 0.218859 -0.400297
-0.843237 -0.595709 0.290841
0.238286 -0.803722 -0.250586
0.431085 -0.101800 -0.422715
-0.440849 0.747801 -0.294189
0.346316 -0.871631 -0.195269
0.340395 -0.603242 -0.366630
0.840518 -0.692536 -0.198680
0.233379 -0.515187 -0.403009
0.884333 -0.351066 -0.214579
0.179273 -0.740981 -0.276613
-0.041256 0.217673 -0.471730
0.541392 0.114135 -0.317745
0.407198 0.718163 -0.029509
-0.402887 -0.319666 -0.305440
-0.940852 0.108524 -0.109672
0.943062 0.472205 0.279355
0.985171 -0.091296 -0.045869
0.494947 -0.677583 -0.322640
-0.155987 0.287228 -0.470541
-0.099376 -0.940556 -0.005542
-0.366315 0.352136 -0.449680
-0.209613 -0.103190 -0.458363
0.712358 -0.461218 -0.307130
0.231863 0.691541 -0.163397
0.614301 -0.522553 -0.348746
-0.897820 -0.446344 0.202596
-0.647193 -0.944579 0.469411
-0.391277 0.041623 -0.425818
0.300638 -0.244210 -0.473479
-0.591434 0.138612 -0.359897
0.504733 0.389903 -0.193625
0.713969 -0.472266 -0.290270
0.006020 -0.023125 -0.484708
-0.356835 0.372842 -0.431191
-0.731532 0.610298 -0.258663
-0.926762 -0.223640 0.044088
0.214641 -0.151272 -0.476671
0.311384 -0.922399 -0.153796
0.734321 -0.844686 -0.184189
-0.424507 -0.413262 -0.223028
-0.976373 -0.811952 0.716225
0.703768 0.551630 0.100155
0.475987 0.378592 -0.208195
-0.850940 -0.402685 0.111555
-0.986853 -0.878958 0.804635
-0.924225 -0.602132 0.401876
-0.887433 -0.966232 0.793196
-0.510171 0.597708 -0.356132
-0.887378 0.969098 -0.066412
0.315166 0.733642 -0.035811
0.321402 0.553747 -0.229733
-0.398442 -0.485351 -0.192925
0.328850 0.126309 -0.422270
0.011327 -0.645490 -0.289979
-0.538703 0.099450 -0.368489
-0.180164 0.925025 -0.152748
0.105645 -0.136577 -0.507889
0.901198 -0.816772 -0.137098
-0.456436 -0.307211 -0.279511
0.707005 0.532824 0.063409
-0.390572 0.745127 -0.285070
-0.874887 -0.013066 -0.105563
0.309368 -0.375611 -0.436721
-0.861658 -0.485679 0.200662
-0.032456 -0.363787 -0.440588
-0.168656 -0.813751 -0.089219
-0.971453 0.755225 -0.109373
-0.843777 -0.414351 0.124368
0.328091 0.689009 -0.094473
-0.357475 0.304137 -0.427545
-0.055737 -0.897974 -0.063998
-0.183274 -0.940304 0.045593
0.928381 0.524368 0.316356
-0.321415 -0.530519 -0.206214
-0.199346 -0.367671 -0.387161
-0.258411 0.837429 -0.227770
-0.190950 0.482799 -0.414814
-0.686374 0.067362 -0.292002
-0.012532 0.182464 -0.493984
0.359775 0.722039 -0.038746
-0.540066 -0.236932 -0.266685
-0.885634 0.248363 -0.180852
0.869520 -0.207606 -0.195281
0.943502 0.195750 0.043983
-0.577507 0.059058 -0.336572
0.280091 0.332546 -0.340926
0.276084 -0.620772 -0.352656
-0.583379 -0.517074 -0.040096
0.465988 -0.001291 -0.374360
0.342511 0.598727 -0.154484
0.128139 -0.057718 -0.482172
-0.194970 0.072526 -0.478302
-0.700843 0.572891 -0.277861
0.825518 0.624730 0.296858
0.643791 0.658803 0.139299
-0.648702 0.991625 -0.113480
0.314372 -0.158146 -0.476434
0.776048 0.164703 -0.130136
0.987249 0.504147 0.376883
-0.264979 0.485124 -0.397288
0.460220 -0.374018 -0.405916
0.768350 -0.718470 -0.232257
-0.269453 0.272548 -0.451248
-0.041722 0.356312 -0.442284
0.994707 -0.844007 -0.080577
0.517938 0.634849 0.006248
-0.435597 -0.489688 -0.169652
-0.117285 -0.212286 -0.449379
0.015638 -0.576832 -0.341116
-0.012399 0.625505 -0.313369
0.765767 0.333525 -0.036549
-0.423739 0.746490 -0.274561
-0.157544 -0.536386 -0.299354
-0.730805 0.923338 -0.128411
-0.824042 0.059521 -0.185819
-0.595645 0.736561 -0.253592
-0.610947 0.472960 -0.364211
-0.669768 0.876224 -0.183619
0.326650 -0.169758 -0.468098
0.924965 0.048102 -0.054870
-0.231853 -0.675049 -0.180296
0.442179 0.192666 -0.347524
-0.554214 -0.500076 -0.063722
-0.559236 -0.008316 -0.346903
-0.905421 -0.421505 0.200372
0.473248 0.242460 -0.320772
0.637192 0.489650 0.003298
-0.957445 0.139138 -0.098751
-0.123167 -0.277400 -0.427734
0.984763 0.313927 0.201123
-0.497860 0.065732 -0.396004
-0.809536 0.490547 -0.246316
-0.304697 -0.662233 -0.136126
-0.675157 -0.969542 0.518386
0.555761 0.457400 -0.129230
-0.029948 -0.388070 -0.419455
-0.216777 0.768177 -0.257251
-0.757400 -0.940871 0.595046
-0.568551 0.041371 -0.346986
-0.984634 -0.791471 0.691764
0.395728 -0.103874 -0.433760
0.897278 0.821533 0.601209
-0.447084 -0.244568 -0.330849
0.836343 0.158515 -0.077037
-0.260556 0.600813 -0.379835
0.849008 0.346986 0.076148
-0.538193 0.638521 -0.298229
-0.158948 0.396093 -0.430283
-0.027293 0.881730 -0.125749
-0.863250 -0.688407 0.406852
-0.610863 -0.557999 0.024228
-0.529145 -0.694300 0.058706
0.385835 -0.563689 -0.374109
-0.529093 -0.605223 -0.038473
-0.202626 0.917186 -0.162944
-0.266440 -0.404752 -0.334366
-0.862801 -0.294945 0.049311
-0.535608 0.525855 -0.366803
-0.776743 -0.712638 0.338545
-0.442979 -0.423946 -0.216288
0.692610 0.582567 0.129886
0.157271 -0.422823 -0.442247
-0.362243 0.184437 -0.470979
0.479733 -0.231804 -0.438038
0.019124 0.776066 -0.192743
0.299582 0.071100 -0.430436
-0.857555 -0.647970 0.357321
-0.598017 0.246297 -0.357917
-0.783774 -0.942010 0.619509
-0.279299 0.437718 -0.423951
0.386499 0.585341 -0.155997
0.392497 0.226571 -0.333518
-0.027676 -0.583003 -0.316779
0.137096 0.273249 -0.447697
-0.752513 0.130295 -0.277034
-0.804503 0.094154 -0.204498
-0.682162 -0.761973 0.281775
-0.773800 0.822051 -0.183616
0.196175 -0.499683 -0.390592
-0.857102 0.072363 -0.166767
-0.710394 0.556806 -0.298928
-0.007781 0.452898 -0.391929
-0.208547 0.404645 -0.432520
0.369229 0.122832 -0.414517
0.691479 0.164947 -0.182401
0.156221 -0.384034 -0.424444
0.863013 0.034279 -0.115581
-0.216571 0.083285 -0.488175
-0.709516 -0.469750 0.021414
-0.386636 0.030318 -0.422143
0.391022 -0.425595 -0.407310
-0.728468 0.118436 -0.281905
0.709300 -0.163536 -0.281695
-0.048454 -0.421583 -0.386991
0.617668 -0.758670 -0.252810
-0.657823 0.999913 -0.134461
0.364432 0.096105 -0.403541
0.590216 0.993765 0.444979
-0.618251 0.582786 -0.311819
-0.315676 0.462465 -0.406089
0.415319 0.996660 0.299459
-0.776256 -0.995749 0.657369
0.495569 0.137554 -0.340943
0.381748 0.507050 -0.194377
-0.012987 -0.286931 -0.457709
0.540752 -0.239740 -0.405125
0.244385 0.786812 -0.068841
-0.683217 -0.982188 0.551209
-0.486487 0.594944 -0.366523
0.133651 0.892322 -0.016264
0.095748 -0.468437 -0.400014
0.531771 0.315101 -0.223691
0.641367 0.335997 -0.137483
-0.096102 -0.445835 -0.377705
-0.888799 -0.384127 0.132931
-0.907483 -0.139946 -0.024858
-0.548400 0.407295 -0.376875
-0.559643 -0.837136 0.252281
0.677595 -0.879934 -0.183310
0.501917 0.858851 0.206186
-0.785742 0.119336 -0.229282
-0.096547 0.597420 -0.337907
0.246960 -0.443453 -0.431184
-0.997062 -0.034265 0.000924
0.788218 0.810726 0.468251
-0.749406 0.721354 -0.242930
-0.931137 -0.815301 0.650795
0.932442 -0.226065 -0.146079
-0.858432 -0.059089 -0.113403
-0.907726 -0.967260 0.832654
0.123500 -0.577588 -0.351262
0.243825 -0.330601 -0.450166
-0.735046 0.968804 -0.112221
-0.500117 -0.876046 0.232604
-0.442327 -0.496600 -0.178874
-0.400707 -0.288652 -0.325844
0.610330 -0.880431 -0.211256
-0.290935 -0.792509 -0.025436
0.964393 -0.712057 -0.110481
-0.041930 -0.039913 -0.501325
0.562356 -0.455708 -0.363803
0.475548 -0.947323 -0.168793
0.854301 -0.802089 -0.160736
-0.038341 -0.653141 -0.276848
-0.262766 0.284041 -0.477088
-0.715056 -0.421783 0.006788
0.358365 0.689089 -0.074943
0.185796 0.045969 -0.467697
-0.780782 -0.706919 0.333676
0.916383 -0.994750 -0.049206
-0.031163 0.512685 -0.379249
-0.580074 -0.080873 -0.320900
-0.013878 -0.479206 -0.373873
0.757503 0.850312 0.471850
0.498674 -0.982727 -0.145668
0.257851 -0.535776 -0.407369
-0.465631 -0.632392 -0.050168
0.144823 -0.106563 -0.502625
-0.612872 0.865282 -0.201638
-0.521554 0.557478 -0.364505
-0.950618 -0.633040 0.473620
0.637732 0.072853 -0.260912
0.292215 -0.142203 -0.471700
-0.128736 -0.749192 -0.177708
-0.658015 0.837994 -0.209214
-0.084736 -0.055090 -0.512155
0.332662 -0.971746 -0.123547
0.065388 0.770671 -0.167786
-0.165391 -0.174793 -0.442106
-0.093379 0.710204 -0.282171
0.220002 0.494702 -0.290961
0.436300 -0.898281 -0.183487
0.953399 0.412416 0.231771
0.160250 -0.909647 -0.153655
0.836162 -0.060886 -0.160537
0.822385 -0.163186 -0.214173
0.154610 0.787436 -0.112895
-0.078338 -0.640937 -0.267307
