0.097627 0.430379 -0.382663
0.205527 0.089766 -0.451952
-0.152690 0.291788 -0.484603
-0.124826 0.783546 -0.232604
0.927326 -0.233117 -0.166794
0.583450 0.057790 -0.302820
0.136089 0.851193 -0.082684
-0.857928 -0.825741 0.565996
-0.959563 0.665240 -0.140339
0.556314 0.740024 0.122821
0.957237 0.598317 0.407315
-0.077041 0.561058 -0.366362
-0.763451 0.279842 -0.258832
-0.713293 0.889338 -0.170260
0.043697 -0.170676 -0.479037
-0.470889 0.548467 -0.368428
-0.087699 0.136868 -0.484022
-0.962420 0.235271 -0.140681
0.224191 0.233868 -0.425338
0.887496 0.363641 0.130801
-0.280984 -0.125936 -0.436534
0.395262 -0.879549 -0.209771
0.333533 0.341276 -0.333534
-0.579235 -0.742147 0.169581
-0.369143 -0.272578 -0.341432
0.140394 -0.122797 -0.490785
0.976748 -0.795910 -0.088517
-0.582246 -0.677381 0.102012
0.306217 -0.493417 -0.404806
-0.067378 -0.511149 -0.334403
-0.682061 -0.779250 0.301364
0.312659 -0.723634 -0.299644
-0.606835 -0.262550 -0.208177
0.641986 -0.805797 -0.226426
0.675890 -0.807803 -0.202429
0.952919 -0.062698 -0.080313
0.953522 0.209691 0.065224
0.478527 -0.921624 -0.171354
-0.434386 -0.759607 0.046341
-0.407720 -0.762545 0.030267
-0.364034 -0.171474 -0.388278
-0.871705 0.384944 -0.212962
0.133203 -0.469221 -0.403790
0.046496 -0.812119 -0.196422
0.151893 0.858592 -0.064784
-0.362862 0.334821 -0.438010
-0.736404 0.432654 -0.310628
-0.421188 -0.633617 -0.090860
0.173026 -0.959785 -0.088804
0.657880 -0.990609 -0.111220
0.355633 -0.459984 -0.412863
0.470388 0.924377 0.267657
-0.502494 0.152315 -0.410825
0.184084 0.144504 -0.462472
-0.553837 0.905498 -0.181184
-0.105749 0.692817 -0.282136
0.398959 -0.405126 -0.414038
0.627596 -0.206989 -0.372005
0.762206 0.162546 -0.144044
0.763471 0.385063 0.017344
0.450509 0.002649 -0.401480
0.912167 0.287980 0.114236
-0.152290 0.212786 -0.472702
-0.961614 -0.396850 0.237485
0.320347 -0.419845 -0.438972
0.236031 -0.142463 -0.479163
-0.729052 -0.403435 -0.003387
0.139930 0.181746 -0.449700
0.148650 0.306402 -0.410426
0.304207 -0.137163 -0.454855
0.793093 -0.264876 -0.264697
-0.128270 0.783847 -0.220716
0.612388 0.407777 -0.118295
-0.799546 0.838965 -0.169186
0.428483 0.997694 0.307550
-0.701103 0.736252 -0.242787
-0.675014 0.231119 -0.333535
-0.752360 0.696016 -0.244801
0.614638 0.138201 -0.274571
-0.185633 -0.861666 -0.026239
0.394858 -0.092915 -0.423466
0.444111 0.732765 0.028800
0.951043 0.711607 0.539814
-0.976572 -0.280044 0.138077
0.459981 -0.656741 -0.320467
0.042073 -0.891324 -0.098523
-0.600007 -0.962956 0.414562
0.587395 -0.552151 -0.347848
-0.309297 0.856163 -0.224861
0.408829 -0.936322 -0.175121
-0.670612 0.242957 -0.324817
0.154457 -0.524214 -0.375013
0.868428 0.227932 0.012117
0.071266 0.179820 -0.469610
0.460244 -0.376110 -0.417149
-0.203558 -0.580313 -0.263033
-0.627614 0.888745 -0.194979
0.479102 -0.019082 -0.374139
-0.545171 -0.491287 -0.097413
-0.883942 -0.131167 -0.047218
-0.376408 0.392687 -0.427800
-0.244496 -0.640793 -0.178221
-0.950643 -0.865501 0.724669
0.358786 -0.092606 -0.433813
0.073158 0.793343 -0.152043
0.980678 -0.566206 -0.138637
0.326156 -0.473355 -0.407544
-0.958698 0.516757 -0.152453
-0.359966 -0.233072 -0.369544
0.176634 0.662097 -0.209267
0.257964 0.745301 -0.101549
-0.452916 0.596094 -0.348196
-0.628728 0.905583 -0.182313
0.374977 -0.568985 -0.384065
0.894741 0.461712 0.215085
-0.492117 -0.573376 -0.060155
0.036401 -0.948675 -0.067096
-0.585060 -0.150629 -0.279525
-0.251660 -0.072849 -0.452475
-0.444743 0.173569 -0.405269
0.727711 -0.764936 -0.235500
0.034758 -0.735864 -0.237615
0.433719 -0.207881 -0.427367
0.130843 -0.633440 -0.320642
-0.710304 -0.023887 -0.229056
-0.288775 0.880864 -0.199397
0.530651 0.497327 -0.120430
0.807439 -0.833155 -0.155243
0.104385 0.168952 -0.479813
0.923873 -0.415705 -0.188321
-0.518342 -0.799412 0.172537
-0.967141 0.859059 -0.087852
0.339833 0.570306 -0.168700
-0.436540 0.172820 -0.424146
-0.872089 -0.028745 -0.103592
0.954990 0.753010 0.602147
-0.323682 0.923140 -0.187307
-0.536597 0.898638 -0.211124
0.882755 0.598405 0.334951
0.260896 0.748576 -0.082453
-0.413959 0.697887 -0.314418
0.235753 -0.973526 -0.121305
-0.305533 -0.703718 -0.098021
0.963659 -0.043259 -0.056409
-0.005217 0.278945 -0.471380
-0.262831 -0.726199 -0.096204
0.644235 -0.620304 -0.317205
0.022638 -0.551366 -0.348095
-0.804311 0.724383 -0.201648
0.945839 0.921669 0.818015
0.813111 0.548095 0.193556
-0.333710 -0.837797 0.047438
-0.185518 -0.535532 -0.268008
-0.735025 -0.893146 0.503848
0.451189 -0.977145 -0.140241
0.541161 -0.706107 -0.289946
-0.840956 -0.820794 0.536442
0.344096 -0.509266 -0.376832
-0.158921 0.114738 -0.480070
0.721102 0.454089 0.025958
-0.459344 -0.737034 0.048908
-0.889251 -0.396803 0.146631
-0.475764 -0.087719 -0.350012
0.366563 0.391251 -0.298629
-0.432962 -0.240146 -0.341497
-0.637698 0.577091 -0.299571
-0.886304 0.393994 -0.182685
0.557391 0.554815 -0.031440
-0.481155 -0.252374 -0.290556
0.175199 -0.454356 -0.414662
-0.258294 -0.605891 -0.211311
-0.080288 -0.910775 -0.043746
0.599592 -0.846087 -0.215578
0.037670 -0.386380 -0.425658
0.155086 0.918867 -0.010145
0.291140 -0.929275 -0.166188
-0.139195 0.020034 -0.483056
0.072355 0.362785 -0.425207
-0.444808 -0.742279 0.029568
-0.214649 0.912811 -0.137897
-0.625738 0.807968 -0.230227
0.087612 -0.086177 -0.502013
0.764083 -0.082792 -0.253215
0.448335 -0.201949 -0.417083
0.808089 0.380050 0.059271
0.399244 -0.344559 -0.432711
0.513557 0.272122 -0.272251
-0.519959 -0.678922 0.041907
0.592783 0.918333 0.361191
-0.083722 0.181968 -0.496977
0.715445 -0.085553 -0.272046
0.903749 0.151502 -0.022196
0.641534 0.817687 0.304843
0.631048 -0.681171 -0.277738
0.257797 -0.203131 -0.480719
-0.874574 -0.151935 -0.053261
-0.482632 0.698077 -0.292722
-0.933391 0.917965 -0.080874
-0.289262 -0.286586 -0.382248
-0.967343 -0.629535 0.472652
-0.197481 0.858583 -0.190702
-0.800770 0.890603 -0.141944
0.738977 -0.091675 -0.252019
-0.346598 -0.534512 -0.208463
0.228929 -0.933851 -0.154362
-0.968788 -0.142409 0.062660
-0.863852 -0.496118 0.235357
-0.557678 -0.493618 -0.068069
-0.737890 -0.975928 0.609939
-0.769031 0.236961 -0.249001
0.948512 0.980690 0.899370
-0.181892 -0.674091 -0.199725
0.277524 -0.019389 -0.459329
0.978820 -0.869392 -0.069468
0.566469 -0.423203 -0.379703
-0.517163 0.325009 -0.406480
-0.507874 0.331718 -0.392229
0.034617 -0.151822 -0.508969
0.109376 -0.425897 -0.420574
0.413149 -0.170286 -0.451628
-0.278909 0.657314 -0.357951
0.849934 -0.907985 -0.130840
-0.534746 -0.302961 -0.210459
0.629933 0.970983 0.473676
0.937943 0.809897 0.648520
-0.406887 0.984022 -0.119072
-0.501160 -0.788188 0.143046
0.901905 -0.533159 -0.205499
0.379537 -0.883287 -0.196808
0.461418 0.763440 0.075848
-0.455126 -0.241886 -0.315548
-0.251408 0.497577 -0.406910
-0.524386 -0.656294 0.037724
-0.101417 -0.391063 -0.407422
0.678378 -0.524516 -0.306244
0.004779 0.885167 -0.106210
0.267995 0.734579 -0.113826
0.880419 0.501530 0.226091
0.399150 0.935931 0.206365
0.988802 -0.096357 -0.041159
-0.858260 -0.414412 0.142024
-0.695291 -0.165027 -0.181325
-0.737421 0.208236 -0.291355
-0.234384 0.790772 -0.234532
0.935589 0.093770 -0.011922
-0.450353 0.184461 -0.433178
0.793522 -0.186533 -0.243602
0.104157 -0.456694 -0.405112
-0.089112 -0.196573 -0.467874
-0.503173 0.011733 -0.367423
-0.379238 -0.253930 -0.336662
0.049941 0.501190 -0.356637
-0.332985 0.848318 -0.234555
0.724637 -0.902619 -0.155771
-0.492715 -0.107729 -0.345822
-0.790744 -0.303048 -0.003033
0.480195 0.361029 -0.249116
0.244769 0.421057 -0.331217
-0.590153 -0.316604 -0.188160
0.352485 0.758470 -0.013214
0.087356 -0.434601 -0.445104
-0.939529 0.420674 -0.156627
-0.984232 -0.254642 0.142228
0.061074 0.844223 -0.134446
-0.821011 -0.188115 -0.071666
-0.951374 -0.314778 0.157924
0.244462 -0.441864 -0.442421
-0.580500 -0.768594 0.186975
0.154280 0.390540 -0.392286
0.343914 0.897722 0.110901
-0.994594 0.294393 -0.108192
0.200784 0.177479 -0.444441
0.925541 -0.966257 -0.056724
0.392965 0.627357 -0.100008
0.019614 -0.332070 -0.439749
0.581680 -0.805514 -0.243462
-0.115929 0.039905 -0.480481
0.387913 -0.818229 -0.234091
-0.544481 -0.179397 -0.291127
0.246589 0.773922 -0.081078
0.237652 -0.733077 -0.306810
0.961160 0.743571 0.594444
0.005442 0.844696 -0.144566
0.082762 0.846612 -0.095375
0.659795 0.936573 0.450125
0.839566 -0.927932 -0.109340
-0.650456 -0.221731 -0.182071
0.904285 -0.399942 -0.199292
-0.679065 0.772609 -0.240922
-0.107211 0.815751 -0.219726
-0.679539 0.322235 -0.300476
-0.119472 -0.847026 -0.091013
0.392926 -0.505202 -0.407447
-0.920769 -0.880111 0.708357
-0.877843 0.815466 -0.147872
0.479768 0.796125 0.120279
0.345165 0.057880 -0.420513
-0.391107 0.995925 -0.125325
-0.275622 -0.058702 -0.461432
-0.243510 0.959054 -0.141742
-0.650683 -0.344024 -0.116986
0.360697 -0.873585 -0.210498
0.214499 -0.044707 -0.465481
-0.432000 -0.523173 -0.155903
0.029025 -0.264145 -0.469516
-0.086960 -0.325045 -0.439765
0.940987 -0.733121 -0.136526
-0.806392 -0.313217 -0.003911
0.182054 0.318353 -0.407477
-0.205487 0.998556 -0.092518
-0.296214 0.442813 -0.418287
0.275165 0.626108 -0.181419
0.952451 0.779587 0.626716
0.529124 0.396497 -0.193651
-0.329004 -0.704629 -0.076778
-0.874728 -0.516197 0.246440
-0.135437 0.043993 -0.501231
0.546167 0.917482 0.330486
-0.765359 -0.785992 0.388914
0.179389 0.490796 -0.319666
0.696301 0.871664 0.423075
0.966852 -0.200397 -0.122567
-0.239330 -0.704383 -0.137096
0.369869 0.313524 -0.307443
0.724125 -0.805484 -0.204378
-0.004446 0.162164 -0.491832
-0.516886 -0.661949 0.028220
0.719162 -0.882930 -0.168048
-0.058758 -0.768332 -0.180256
-0.085882 0.959925 -0.081060
-0.152587 0.714250 -0.273555
-0.765369 -0.457496 0.077186
-0.192415 -0.200376 -0.447422
0.342767 -0.310564 -0.447336
0.427534 0.278374 -0.317763
-0.201678 -0.136480 -0.462670
0.229055 -0.859916 -0.208931
0.644813 0.306842 -0.157447
0.452685 0.073846 -0.370324
-0.779046 -0.189929 -0.107436
-0.189253 -0.357914 -0.378631
-0.940099 0.474508 -0.175271
-0.780431 0.212616 -0.256431
0.406435 0.269573 -0.333399
0.918285 -0.793404 -0.120721
0.734334 -0.941620 -0.135269
0.069834 -0.191513 -0.493219
0.048368 -0.269800 -0.485376
-0.618866 -0.961754 0.454338
0.036300 0.685554 -0.258990
-0.253568 -0.554272 -0.244128
-0.838936 -0.829378 0.538821
-0.557207 -0.799972 0.207634
-0.469921 -0.867701 0.196182
-0.868790 0.712552 -0.173793
-0.675759 0.119365 -0.311043
0.546911 -0.087181 -0.365821
-0.693262 -0.600808 0.146198
-0.134032 0.056468 -0.501530
-0.301119 0.562959 -0.379238
0.502043 0.854424 0.189030
-0.942095 0.791383 -0.101879
-0.214862 0.756745 -0.275863
0.381570 0.974698 0.241599
0.518565 -0.270911 -0.416324
0.002126 -0.247222 -0.451726
-0.270176 -0.478191 -0.288140
-0.008059 0.363480 -0.429917
-0.445319 0.048760 -0.409005
-0.765239 -0.680309 0.281951
-0.906387 0.941463 -0.055862
-0.992279 -0.642840 0.501389
0.225734 -0.837261 -0.215531
0.763793 0.439240 0.065007
0.932780 0.015271 -0.058020
-0.399193 0.099001 -0.436364
0.861637 0.041523 -0.111466
-0.465586 0.754798 -0.294743
-0.256163 -0.997233 0.158155
-0.504630 -0.363533 -0.209744
0.717555 -0.082994 -0.268204
-0.110825 -0.327795 -0.424693
0.761356 0.890054 0.519856
0.983781 -0.246517 -0.109755
0.932295 0.583759 0.389670
0.351378 -0.510221 -0.418611
-0.567085 -0.667904 0.073621
0.845513 -0.411847 -0.235133
-0.093812 -0.012084 -0.480402
0.556343 0.688470 0.083822
-0.721855 -0.146191 -0.161163
0.685710 0.636067 0.134229
-0.795172 -0.687233 0.330125
-0.391603 -0.849282 0.106407
-0.150674 -0.784765 -0.107694
0.136435 -0.506886 -0.413218
0.192866 -0.764949 -0.264145
0.951768 0.865122 0.739508
-0.216406 -0.515643 -0.292804
-0.499204 -0.033213 -0.354391
-0.920014 0.279410 -0.169669
-0.183394 -0.245187 -0.410294
0.618730 0.418071 -0.081317
0.908668 -0.296128 -0.168348
0.795086 0.539934 0.182085
-0.285151 0.243331 -0.475070
-0.422860 0.748800 -0.292874
-0.775145 -0.575131 0.194446
-0.633933 -0.193948 -0.212006
0.490466 0.053815 -0.352005
-0.024647 -0.998908 0.006848
-0.149197 -0.872892 -0.051385
-0.583493 0.864788 -0.199547
-0.569204 0.716675 -0.293255
0.605787 -0.681708 -0.281900
0.211424 -0.768676 -0.251479
0.455776 0.274925 -0.291129
0.623877 -0.041231 -0.320976
0.829726 -0.901302 -0.123111
-0.414223 0.430105 -0.404860
-0.163782 -0.654097 -0.219000
-0.785579 0.634678 -0.217337
-0.053714 0.764567 -0.236717
0.466578 -0.180548 -0.427000
-0.252978 0.031277 -0.481237
0.778120 0.474557 0.094073
-0.989694 0.388316 -0.148804
0.839015 0.420912 0.110835
-0.645988 -0.032964 -0.286692
-0.719368 -0.282009 -0.099271
0.874234 0.846611 0.614763
-0.434326 -0.320738 -0.296994
0.200426 0.926395 0.051026
-0.704397 -0.486167 0.055517
0.747114 -0.016216 -0.228919
0.797922 -0.628964 -0.219051
0.065337 -0.347461 -0.446862
-0.366915 -0.106246 -0.387664
-0.133845 -0.285306 -0.420077
0.829942 0.463488 0.128507
0.455094 -0.420173 -0.403595
0.155419 0.558359 -0.278107
0.591181 -0.310939 -0.368516
0.541746 0.471788 -0.114538
-0.716987 0.731891 -0.224813
-0.117357 -0.027179 -0.498248
-0.103262 0.135692 -0.492293
0.242338 -0.003641 -0.467834
0.733577 0.255470 -0.107935
-0.197144 -0.166616 -0.450464
0.621677 -0.303616 -0.347293
-0.577090 -0.881234 0.313407
0.752054 0.837093 0.439837
-0.759760 -0.331053 -0.041866
-0.649256 -0.768203 0.247324
0.799733 -0.886245 -0.141865
0.960971 -0.807098 -0.101962
0.726941 0.133012 -0.186906
-0.264165 -0.315315 -0.379730
0.514728 -0.370853 -0.409406
0.314638 0.034652 -0.440271
-0.030069 0.802324 -0.190148
0.109290 0.653723 -0.257226
0.451147 -0.922886 -0.180267
0.546220 -0.566259 -0.331722
0.806299 -0.914152 -0.133043
-0.333856 -0.800534 0.022940
-0.048822 0.640045 -0.312838
-0.403625 -0.698130 -0.031981
-0.339466 0.627760 -0.350914
-0.719232 -0.545275 0.117415
-0.862296 0.411420 -0.219388
-0.209534 -0.378320 -0.378268
0.437253 -0.328045 -0.435427
0.455543 0.630399 -0.069282
-0.564674 0.947637 -0.176236
-0.675284 -0.418318 -0.042797
-0.640409 -0.308989 -0.157845
-0.039878 0.044352 -0.499914
0.707212 0.778896 0.321797
-0.559792 0.245788 -0.389613
-0.777008 -0.082060 -0.167690
-0.355333 -0.366999 -0.297286
-0.034832 0.459655 -0.392466
-0.861635 0.758347 -0.164245
0.469628 -0.647001 -0.342243
0.878322 0.012624 -0.102215
0.999617 -0.605481 -0.112815
0.069816 -0.419504 -0.421469
-0.391653 0.182131 -0.448420
0.843438 0.610528 0.306626
0.447883 0.118348 -0.361966
0.844597 -0.015277 -0.180831
0.747664 0.667963 0.258739
-0.572329 0.542451 -0.363461
-0.975658 -0.354341 0.218226
-0.540865 0.013726 -0.358891
0.473706 -0.804647 -0.242720
0.029844 0.876824 -0.103042
-0.542707 0.354282 -0.394979
0.185761 -0.979873 -0.095156
-0.048348 0.417541 -0.411157
-0.912049 0.759043 -0.141890
0.040163 -0.938678 -0.078629
-0.551173 0.907351 -0.179079
0.164639 -0.785055 -0.240813
-0.424911 -0.086593 -0.387638
-0.958100 -0.176769 0.072943
-0.021083 -0.512644 -0.347421
0.177278 0.506480 -0.304998
-0.528332 0.241000 -0.397916
0.279244 0.897081 0.081587
0.556552 0.696691 0.103268
-0.019160 -0.629303 -0.288588
0.991631 -0.741288 -0.113283
-0.057085 -0.863814 -0.099221
0.887702 0.929850 0.731596
0.438778 -0.300014 -0.426143
-0.491235 -0.469393 -0.151487
-0.745412 0.051618 -0.239085
-0.716365 -0.366539 -0.049699
0.253413 0.455087 -0.293947
-0.951455 -0.139768 0.011931
0.304249 0.706492 -0.089374
-0.049350 0.938412 -0.100204
-0.468735 -0.972983 0.315065
-0.032494 -0.487772 -0.381455
0.647435 -0.534455 -0.311822
-0.378742 0.582455 -0.368086
0.430287 0.116102 -0.373231
0.409896 -0.162726 -0.446286
-0.989380 -0.977290 0.943894
0.022444 -0.833418 -0.159736
-0.897849 0.931033 -0.075650
0.718005 -0.695946 -0.220619
-0.998672 0.883336 -0.050039
-0.443349 -0.628205 -0.055383
0.383016 -0.782193 -0.286102
-0.470701 0.950189 -0.174717
0.278926 0.041356 -0.458033
-0.204163 0.549002 -0.396474
-0.718085 0.934676 -0.126092
0.722246 0.235314 -0.130619
-0.914188 0.401711 -0.171242
0.826569 0.049154 -0.122002
-0.291550 -0.759445 -0.057985
0.509802 0.770044 0.127736
-0.799497 0.517969 -0.253875
-0.965879 0.934110 -0.042992
0.230116 0.104878 -0.451123
-0.408100 0.858583 -0.224575
-0.468189 0.656293 -0.323624
0.970217 0.566793 0.423481
0.037980 -0.867851 -0.132046
-0.055172 -0.123488 -0.484189
-0.594408 -0.152825 -0.264994
-0.284484 -0.672631 -0.147768
-0.117252 -0.474400 -0.363059
0.044125 -0.929680 -0.084152
0.812463 0.632729 0.273561
0.105163 0.703617 -0.217598
0.924790 -0.778955 -0.116366
0.261664 0.995988 0.179679
0.975778 0.206646 0.081584
-0.743958 0.166386 -0.255046
-0.995871 -0.602177 0.474919
0.912246 -0.339119 -0.181233
0.276780 -0.438281 -0.427439
0.895644 0.457117 0.221080
-0.340698 0.583523 -0.387192
-0.783669 -0.215362 -0.080793
-0.557564 0.367453 -0.388938
-0.795107 -0.205948 -0.075111
-0.446701 0.012686 -0.387554
-0.300205 0.412821 -0.431698
-0.950846 0.267974 -0.135700
-0.538857 -0.462582 -0.119097
0.600511 0.911137 0.360970
-0.366900 0.653611 -0.323877
-0.792018 0.267963 -0.239503
0.502065 -0.688044 -0.302967
-0.147995 0.785414 -0.237997
-0.792843 -0.963807 0.656217
0.181171 -0.128937 -0.493221
0.597378 0.846911 0.307131
-0.401693 -0.223192 -0.335443
-0.027456 0.176303 -0.487139
0.967708 0.394661 0.221266
-0.220903 -0.472465 -0.340125
0.889251 -0.728903 -0.173889
0.440532 0.850790 0.145050
0.329331 -0.153891 -0.445263
-0.602018 -0.265049 -0.210396
0.413744 0.299068 -0.302770
0.855952 0.733722 0.462548
0.632302 0.822902 0.299933
-0.447326 -0.260953 -0.308961
-0.240212 0.120901 -0.491449
0.336436 -0.426567 -0.436207
-0.961075 -0.201555 0.083161
-0.382944 0.884369 -0.206963
0.776530 0.720621 0.342164
0.306000 -0.311422 -0.452811
0.097699 0.630450 -0.259055
-0.802779 0.602150 -0.246024
-0.917640 0.632842 -0.172440
0.615128 -0.897985 -0.164846
0.254321 0.004906 -0.475022
-0.660361 -0.703242 0.194694
0.546518 0.135385 -0.310393
0.965998 0.964496 0.902000
0.985334 -0.762769 -0.089217
0.876512 -0.510861 -0.214244
-0.083575 0.514813 -0.389818
-0.592758 0.132623 -0.357621
-0.628367 -0.790528 0.263558
-0.766883 -0.284722 -0.063632
-0.990690 -0.150292 0.072714
0.328394 -0.196624 -0.482755
-0.828411 -0.874622 0.574070
-0.443767 -0.661375 -0.037204
0.930190 -0.697540 -0.139536
0.610925 0.172216 -0.243000
0.138574 0.024161 -0.499420
0.943526 -0.272310 -0.160271
0.575832 0.110588 -0.294507
-0.208733 0.910932 -0.174916
0.196632 -0.762166 -0.254493
-0.164922 0.563163 -0.373624
0.387494 0.832681 0.067011
-0.481245 0.516387 -0.384788
-0.080250 0.147219 -0.499093
0.910093 0.958573 0.802029
0.723182 -0.281806 -0.315594
0.775402 0.277218 -0.062220
-0.140006 -0.928515 -0.000974
0.540256 0.004211 -0.360028
0.572377 0.496046 -0.059920
0.587135 -0.398698 -0.364153
0.601597 0.097693 -0.294815
-0.053348 0.350252 -0.449928
-0.957283 -0.795366 0.646398
-0.415645 0.965980 -0.150813
-0.720508 -0.338807 -0.052227
-0.897894 -0.337462 0.114072
-0.359347 0.893614 -0.173864
0.690308 -0.234472 -0.311418
-0.950462 0.662062 -0.152916
0.321072 -0.695271 -0.310274
0.992143 -0.799533 -0.074026
0.734229 -0.411468 -0.285915
-0.129293 0.590913 -0.366195
0.355017 0.875729 0.100442
0.242281 -0.804380 -0.233261
0.768721 0.538311 0.130413
0.423741 -0.892533 -0.206010
-0.207555 -0.665128 -0.202507
0.643808 0.401057 -0.092556
0.766155 0.933150 0.576226
0.549495 0.988466 0.423590
0.229540 -0.925741 -0.153750
-0.971497 -0.315792 0.166528
0.646943 0.732269 0.203890
0.921625 -0.869757 -0.096443
-0.910858 0.826567 -0.120116
-0.389907 0.115975 -0.426430
0.964890 -0.199103 -0.105729
0.331743 -0.198241 -0.472524
0.536389 0.055429 -0.346031
-0.524954 -0.457388 -0.126856
-0.483882 0.064641 -0.402690
0.406378 0.898560 0.186200
0.388175 0.562386 -0.168352
-0.662148 -0.251875 -0.159944
-0.172440 0.372760 -0.456409
-0.408216 -0.393416 -0.264088
-0.288222 0.620604 -0.344339
0.155180 -0.849445 -0.194360
-0.843508 -0.257426 0.005592
0.533182 0.377367 -0.181320
0.415965 0.534420 -0.151996
-0.425695 0.096513 -0.434159
0.086705 0.479265 -0.362832
0.913741 -0.444020 -0.182579
0.586563 0.319941 -0.191448
0.160476 0.549760 -0.275599
0.888065 -0.926617 -0.095581
-0.705200 0.512574 -0.303714
-0.832417 0.032247 -0.176508
-0.560278 -0.451409 -0.136135
0.403681 -0.939614 -0.148766
0.746639 -0.111042 -0.258598
0.004787 0.080096 -0.501068
0.291089 -0.310287 -0.456642
-0.797785 -0.363242 0.043296
-0.663716 0.112266 -0.320346
-0.363943 0.916134 -0.174036
0.931469 0.240252 0.070333
0.234995 0.970757 0.106891
0.774566 0.530140 0.151485
-0.372819 -0.268922 -0.334332
-0.597466 -0.025704 -0.318647
0.980737 0.824302 0.717183
-0.763301 -0.949619 0.592935
0.797275 0.074340 -0.138743
-0.599620 0.347307 -0.369795
0.288446 -0.755829 -0.300260
-0.480800 -0.879844 0.228261
-0.580279 -0.735389 0.138427
-0.613527 0.370934 -0.348991
-0.901001 -0.796291 0.583504
-0.731653 -0.366918 -0.027920
-0.402499 -0.489872 -0.206267
0.501073 0.996046 0.374792
0.067956 0.888405 -0.089551
-0.206780 -0.786635 -0.082013
-0.182452 -0.407744 -0.347461
-0.013186 0.314087 -0.443818
-0.077900 0.870321 -0.172331
0.769530 0.403955 0.023263
-0.020630 -0.736625 -0.222758
-0.205973 0.408803 -0.432459
-0.430229 -0.792024 0.075509
0.815797 0.418102 0.085778
0.230553 0.584998 -0.228922
0.671292 -0.033082 -0.273599
0.762377 0.832838 0.452564
-0.456898 0.215091 -0.414338
0.053168 0.075892 -0.519480
0.875326 -0.389623 -0.220898
0.966868 0.804262 0.676431
-0.082554 0.634907 -0.326132
0.538094 0.355790 -0.192882
-0.360332 -0.607098 -0.131280
0.343055 0.685947 -0.083170
-0.967494 0.285607 -0.135575
-0.114254 0.796176 -0.237236
-0.357054 -0.051630 -0.420136
0.029534 -0.719121 -0.269997
0.425785 0.660953 -0.043682
-0.884181 -0.417222 0.160491
-0.923911 0.913088 -0.089894
0.334338 0.928401 0.144927
0.062989 0.604137 -0.296527
-0.251172 -0.292362 -0.389368
-0.243464 0.315724 -0.459798
-0.281094 0.800735 -0.248251
0.966550 -0.939147 -0.036514
-0.612753 -0.775500 0.230995
-0.915272 -0.544518 0.326424
-0.106413 0.673981 -0.303515
-0.556352 -0.012109 -0.325610
0.859237 0.334429 0.074454
0.596158 0.101988 -0.292134
0.960933 0.177324 0.051677
-0.908979 -0.604034 0.372135
-0.190453 0.202554 -0.493703
0.543862 -0.173828 -0.394002
0.420117 0.579739 -0.119532
-0.365480 0.958540 -0.155055
0.299313 0.761996 -0.060182
0.111875 0.483206 -0.350313
0.541088 0.816497 0.201347
-0.699300 0.116567 -0.291511
-0.143243 0.846318 -0.196004
-0.789811 0.965148 -0.094940
0.750903 -0.852347 -0.171415
-0.018067 0.435119 -0.411337
0.476303 0.812988 0.162165
0.599731 -0.378139 -0.360119
-0.003130 0.403572 -0.407872
-0.723126 -0.612018 0.164413
-0.037915 -0.403508 -0.423852
0.725118 0.172555 -0.167570
-0.302670 0.697666 -0.319088
0.609757 0.996710 0.481526
0.694615 -0.171087 -0.290175
-0.745002 0.681282 -0.245392
-0.880484 -0.299458 0.068912
0.839476 0.921533 0.663309
0.281129 0.377297 -0.340608
-0.915091 0.028961 -0.093756
0.093736 -0.319799 -0.442319
-0.862806 -0.542185 0.245420
-0.284032 -0.129716 -0.425158
0.181853 0.444783 -0.354366
-0.364736 -0.342092 -0.317180
-0.960617 -0.918250 0.824063
-0.484357 0.480490 -0.380365
0.256628 0.539578 -0.237432
0.537839 0.713135 0.090191
0.440639 0.958022 0.258619
0.797650 0.173434 -0.091167
0.176315 -0.931466 -0.136400
0.997053 -0.736848 -0.096422
0.480694 0.642030 -0.025217
-0.253891 -0.606296 -0.226440
-0.802480 0.497212 -0.248821
-0.094693 0.427436 -0.418570
0.830815 -0.706833 -0.189424
0.838342 -0.176747 -0.189054
-0.389466 0.886125 -0.216059
0.981303 -0.602216 -0.127503
0.313677 -0.787009 -0.260452
0.301828 0.654626 -0.145581
0.368997 -0.165334 -0.444786
-0.233867 -0.213755 -0.419816
0.179424 0.763135 -0.136441
0.858132 -0.892941 -0.113801
-0.636755 -0.775551 0.241207
-0.613331 -0.306784 -0.177293
0.013063 0.258922 -0.482451
0.464284 0.780223 0.088543
0.978177 0.325713 0.188726
0.690729 0.556078 0.090713
-0.384936 0.751385 -0.288231
-0.914474 -0.999265 0.858875
-0.452535 -0.075805 -0.368959
0.276726 -0.796459 -0.255924
0.346020 0.603632 -0.148631
-0.629374 -0.169749 -0.224459
0.039970 -0.096386 -0.482256
0.599660 0.921045 0.399727
0.597906 -0.844014 -0.218117
0.609871 -0.866807 -0.199560
-0.528059 -0.693806 0.052509
-0.604962 0.056630 -0.321921
0.343380 -0.059357 -0.461323
0.919391 -0.519415 -0.199289
0.526280 0.740364 0.115679
0.124132 -0.087555 -0.499114
0.192369 -0.142380 -0.477280
0.110388 -0.166132 -0.485196
-0.199061 0.390693 -0.459053
-0.814298 -0.666916 0.298266
0.702397 0.542155 0.073084
-0.437093 -0.245462 -0.320539
0.852053 0.636154 0.324144
0.228693 -0.557020 -0.388935
-0.911496 -0.137484 -0.027068
0.345254 0.656961 -0.109493
0.705378 -0.934448 -0.143286
-0.511686 -0.321811 -0.239789
-0.622536 0.605951 -0.297279
0.534932 0.033666 -0.332376
0.965853 -0.711883 -0.118310
0.799303 -0.767073 -0.210916
-0.673637 0.392438 -0.339330
-0.780861 0.131690 -0.233802
-0.159533 0.456948 -0.425609
0.801350 0.539743 0.178133
0.699380 -0.934109 -0.136813
-0.379609 0.030866 -0.428222
-0.168093 -0.537490 -0.283109
-0.384252 0.890862 -0.204808
-0.411638 -0.292192 -0.298698
-0.992580 0.690155 -0.117294
-0.690319 -0.591711 0.132561
-0.489471 0.769244 -0.271544
-0.587097 0.595053 -0.333897
0.616099 0.854041 0.301257
-0.768877 -0.565442 0.169812
0.485797 -0.607998 -0.347414
-0.427341 -0.666517 -0.035576
-0.654607 -0.036893 -0.274095
-0.780634 -0.356605 0.003143
-0.146812 -0.950904 0.043458
-0.223334 -0.811755 -0.057190
-0.012843 0.651476 -0.297653
0.636844 -0.839103 -0.206611
0.202456 0.669173 -0.192769
-0.524055 0.523853 -0.356148
0.781529 0.612248 0.226093
-0.785398 -0.981880 0.673823
-0.616552 -0.459045 -0.061536
0.232366 -0.231454 -0.476850
0.406814 -0.293850 -0.433983
-0.691149 -0.374620 -0.053372
0.768648 0.917065 0.572470
-0.584975 0.576937 -0.326411
-0.453303 0.774263 -0.279359
-0.668909 0.331920 -0.323679
-0.831577 0.947787 -0.092473
0.401267 0.683631 -0.038613
0.133339 -0.046397 -0.500391
0.243765 0.057483 -0.463356
-0.061231 0.518901 -0.373048
-0.643598 -0.657656 0.128910
-0.136315 -0.358504 -0.404273
-0.851751 0.688941 -0.174085
0.543206 0.087843 -0.305230
0.958649 -0.854800 -0.072482
0.533339 -0.467259 -0.363827
-0.262802 -0.561441 -0.244278
0.578076 -0.711520 -0.280315
0.680033 0.323155 -0.110276
-0.881954 0.621963 -0.202517
0.255511 0.809965 -0.040948
0.497445 0.122242 -0.337242
0.673094 -0.443900 -0.329815
0.093900 -0.412766 -0.435291
0.936409 -0.547607 -0.160104
-0.968524 -0.348290 0.199777
0.005019 -0.943274 -0.055137
0.118497 0.748566 -0.167334
0.409464 0.245937 -0.342333
0.911924 0.916559 0.740052
0.648533 0.215484 -0.193506
-0.024471 -0.973368 -0.019139
0.212524 0.978176 0.084833
0.636202 -0.318791 -0.352143
-0.695906 0.568117 -0.305079
0.487876 0.934094 0.290124
0.749685 0.111325 -0.165844
-0.797432 -0.032999 -0.163381
-0.372610 0.024817 -0.441547
-0.396597 0.723646 -0.295706
0.688654 -0.369070 -0.318656
0.199163 -0.139638 -0.488422
0.818186 -0.625278 -0.230130
0.395457 0.940751 0.215639
-0.649449 -0.596067 0.077362
0.387447 0.558308 -0.157895
-0.018902 0.219373 -0.467493
-0.574635 -0.046772 -0.301272
-0.775856 -0.357156 0.019946
-0.430441 -0.110749 -0.368384
0.860253 -0.637465 -0.216051
-0.197224 0.231194 -0.483515
0.893114 -0.733704 -0.165134
0.835753 -0.837892 -0.133331
-0.038517 -0.090820 -0.500378
-0.580795 -0.305081 -0.192345
-0.091669 0.730423 -0.261510
0.910128 0.037851 -0.077243
0.740200 0.216343 -0.118763
-0.301825 -0.611612 -0.171133
-0.173730 0.045649 -0.500390
-0.911113 -0.708318 0.500828
0.200369 -0.549997 -0.404644
0.674653 -0.346116 -0.335185
-0.790332 -0.832939 0.498074
0.874246 -0.763959 -0.171907
-0.718180 0.725332 -0.236012
-0.491424 0.331903 -0.418688
0.633451 0.214361 -0.209431
0.914977 0.417766 0.173841
-0.774497 0.116820 -0.246918
0.436373 0.603914 -0.106096
-0.947357 0.437758 -0.166815
0.651362 0.493668 -0.009384
0.024698 -0.083958 -0.503944
0.098837 0.409287 -0.383152
0.845829 0.234070 -0.024770
0.775669 0.402514 0.044292
-0.863327 0.001656 -0.111754
-0.427027 -0.429650 -0.223397
-0.288145 -0.370534 -0.345031
0.157220 0.367203 -0.403849
-0.462501 -0.740475 0.045243
-0.882383 0.151506 -0.159020
-0.627740 -0.981504 0.488324
0.855506 0.074281 -0.090154
-0.815104 0.685842 -0.204426
0.966405 -0.102799 -0.076011
-0.915021 -0.764908 0.565862
-0.236693 0.771045 -0.247431
-0.703923 0.647980 -0.256215
-0.970047 -0.085223 0.012435
0.288794 -0.879241 -0.188830
0.229526 0.888808 0.029192
-0.679480 0.459223 -0.308363
0.218188 -0.629767 -0.339881
-0.987593 -0.981431 0.944159
0.064185 0.885559 -0.093610
0.288597 0.428600 -0.298934
-0.012269 0.163778 -0.468492
-0.747265 0.753641 -0.226151
0.521585 0.996398 0.390402
-0.404554 -0.545964 -0.169051
-0.749677 0.928420 -0.124240
0.561770 -0.667351 -0.330029
0.105373 -0.172464 -0.511300
-0.697028 -0.675854 0.210608
0.926940 -0.390072 -0.175923
0.882879 -0.848779 -0.129531
-0.078394 -0.740762 -0.196538
-0.990425 0.107532 -0.051629
-0.772212 0.444049 -0.278843
0.396233 -0.647334 -0.351196
0.883484 0.442087 0.174007
-0.404059 0.418468 -0.406470
0.463861 -0.315547 -0.421064
-0.248823 -0.281787 -0.408137
0.233237 0.800820 -0.057732
-0.653614 0.750399 -0.245031
-0.944694 0.320677 -0.140541
-0.171122 0.582563 -0.363334
0.442396 -0.039784 -0.416749
0.287728 0.003546 -0.453350
